30
1 2 3 4 5 6 7 8 9 10 11 12 13 14 15 16 17 18 19 20 21 22 23 24 25 26 27 28 29 30 
1 1 25 27 43
1 2 2 3 49
1 3 15 17 44
1 4 4 22 86
1 5 29 29 9
1 6 21 27 75
1 7 3 3 27
1 8 21 26 75
1 9 7 7 62
1 10 11 20 55
1 11 11 25 13
1 12 30 30 31
1 13 22 29 20
1 14 10 22 69
1 15 4 5 52
1 16 28 28 80
1 17 13 22 21
1 18 1 23 16
1 19 13 13 96
1 20 3 14 87
1 21 25 26 31
1 22 16 22 61
1 23 1 23 46
1 24 27 27 96
1 25 23 26 27
1 26 4 13 51
1 27 24 25 84
1 28 29 29 1
1 29 30 30 2
1 30 6 20 29
1 31 4 7 41
1 32 2 27 4
1 33 19 25 16
1 34 29 29 78
1 35 9 10 31
1 36 22 22 9
1 37 16 28 59
1 38 20 22 68
1 39 26 29 43
1 40 27 27 34
1 41 19 25 48
1 42 17 25 10
1 43 19 23 14
1 44 25 28 33
1 45 18 29 16
1 46 7 19 86
1 47 12 28 41
1 48 22 28 52
1 49 16 16 34
1 50 25 28 77
1 51 14 17 85
1 52 20 21 66
1 53 30 30 76
1 54 22 26 5
1 55 15 29 8
1 56 26 29 6
1 57 11 19 31
1 58 16 20 15
1 59 16 24 5
1 60 4 23 29
1 61 10 28 64
1 62 15 19 60
1 63 5 17 58
1 64 16 26 32
1 65 7 7 66
1 66 16 27 75
1 67 27 27 45
1 68 14 28 97
1 69 30 30 71
1 70 25 28 85
1 71 19 23 57
1 72 23 27 86
1 73 11 13 71
1 74 21 29 30
1 75 1 1 31
1 76 16 18 64
1 77 25 29 8
1 78 30 30 16
1 79 10 13 60
1 80 22 25 72
1 81 20 25 14
1 82 23 24 21
1 83 22 27 40
1 84 14 29 86
1 85 27 29 8
1 86 9 15 40
1 87 12 16 92
1 88 10 28 95
1 89 9 12 25
1 90 26 26 27
1 91 5 29 88
1 92 7 25 54
1 93 11 28 66
1 94 26 27 49
1 95 23 23 65
1 96 17 22 17
1 97 8 21 66
1 98 28 29 16
1 99 10 27 10
1 100 22 23 95
1 101 3 11 46
1 102 12 20 35
1 103 2 22 41
1 104 3 15 24
1 105 23 24 2
1 106 4 26 31
1 107 15 15 3
1 108 1 19 57
1 109 22 24 6
1 110 9 28 92
1 111 23 26 32
1 112 26 29 78
1 113 27 29 67
1 114 24 27 15
1 115 12 15 67
1 116 11 23 38
1 117 28 28 55
1 118 4 4 61
1 119 6 13 97
1 120 9 27 38
1 121 14 29 94
1 122 10 27 75
1 123 13 26 28
1 124 23 23 80
1 125 18 22 87
1 126 14 25 72
1 127 1 19 22
1 128 17 18 94
1 129 8 26 55
1 130 25 27 55
1 131 24 24 22
1 132 6 9 46
1 133 24 26 81
1 134 21 24 22
1 135 5 28 46
1 136 24 25 12
1 137 6 10 10
1 138 19 23 94
1 139 15 28 14
1 140 1 15 71
1 141 22 27 22
1 142 3 17 36
1 143 28 29 69
1 144 13 29 95
1 145 2 9 14
1 146 16 24 19
1 147 1 17 70
1 148 6 6 23
1 149 23 24 23
1 150 9 26 4
$
