100
1 2 3 4 5 6 7 8 9 10 11 12 13 14 15 16 17 18 19 20 21 22 23 24 25 26 27 28 29 30 31 32 33 34 35 36 37 38 39 40 41 42 43 44 45 46 47 48 49 50 51 52 53 54 55 56 57 58 59 60 61 62 63 64 65 66 67 68 69 70 71 72 73 74 75 76 77 78 79 80 81 82 83 84 85 86 87 88 89 90 91 92 93 94 95 96 97 98 99 100 
1 1 1 34 210
1 2 1 71 270
1 3 1 14 153
1 4 1 15 129
1 5 1 45 222
1 6 1 22 240
1 7 1 88 192
1 8 1 8 219
1 9 1 69 129
1 10 1 31 96
1 11 1 95 90
1 12 1 25 210
1 13 1 65 243
1 14 1 78 285
1 15 1 48 153
1 16 1 9 21
1 17 1 64 270
1 18 1 13 222
1 19 1 20 273
1 20 1 12 225
1 21 1 76 21
1 22 1 63 246
1 23 1 58 147
1 24 1 100 0
1 25 1 80 51
1 26 1 32 42
1 27 1 21 36
1 28 1 95 12
1 29 1 46 135
1 30 1 6 177
1 31 1 55 165
1 32 1 68 231
1 33 1 86 84
1 34 1 48 3
1 35 1 87 54
1 36 1 29 75
1 37 1 36 204
1 38 1 22 162
1 39 1 23 189
1 40 1 32 141
1 41 1 34 270
1 42 1 85 282
1 43 1 43 138
1 44 1 75 180
1 45 1 20 174
1 46 1 65 126
1 47 1 12 78
1 48 1 62 21
1 49 1 43 171
1 50 1 46 288
1 51 1 70 3
1 52 1 76 138
1 53 1 54 102
1 54 1 38 6
1 55 1 7 36
1 56 1 86 9
1 57 1 72 111
1 58 1 55 237
1 59 1 6 276
1 60 1 15 189
1 61 1 64 45
1 62 1 6 48
1 63 1 12 222
1 64 1 74 246
1 65 1 71 255
1 66 1 1 51
1 67 1 34 276
1 68 1 20 96
1 69 1 50 51
1 70 1 37 183
1 71 1 69 138
1 72 1 79 210
1 73 1 89 201
1 74 1 57 123
1 75 1 61 294
1 76 1 72 36
1 77 1 74 243
1 78 1 25 30
1 79 1 23 192
1 80 1 54 75
1 81 1 59 168
1 82 1 83 234
1 83 1 54 93
1 84 1 97 78
1 85 1 99 207
1 86 1 90 72
1 87 1 14 18
1 88 1 28 198
1 89 1 38 183
1 90 1 86 27
1 91 1 100 288
1 92 1 99 165
1 93 1 73 279
1 94 1 70 252
1 95 1 84 36
1 96 1 85 120
1 97 1 91 258
1 98 1 18 186
1 99 1 75 231
1 100 1 11 231
1 101 1 2 123
1 102 1 53 150
1 103 1 54 57
1 104 1 11 45
1 105 1 99 99
1 106 1 60 234
1 107 1 93 15
1 108 1 78 51
1 109 1 37 51
1 110 1 69 276
1 111 1 76 267
1 112 1 11 21
1 113 1 6 270
1 114 1 73 222
1 115 1 17 132
1 116 1 62 153
1 117 1 83 165
1 118 1 62 165
1 119 1 39 201
1 120 1 78 57
1 121 1 3 201
1 122 1 70 204
1 123 1 78 90
1 124 1 95 99
1 125 1 8 87
1 126 1 70 252
1 127 1 54 255
1 128 1 12 165
1 129 1 33 267
1 130 1 68 144
1 131 1 43 90
1 132 1 50 69
1 133 1 25 111
1 134 1 37 57
1 135 1 96 144
1 136 1 4 288
1 137 1 11 171
1 138 1 95 288
1 139 1 71 297
1 140 1 65 153
1 141 1 7 21
1 142 1 97 105
1 143 1 83 222
1 144 1 69 261
1 145 1 60 225
1 146 1 6 249
1 147 1 86 60
1 148 1 7 138
1 149 1 32 48
1 150 1 46 57
1 151 1 23 45
1 152 1 68 18
1 153 1 70 270
1 154 1 29 15
1 155 1 93 72
1 156 1 35 192
1 157 1 57 87
1 158 1 62 51
1 159 1 62 267
1 160 1 88 60
1 161 1 66 24
1 162 1 73 204
1 163 1 89 63
1 164 1 97 150
1 165 1 70 72
1 166 1 41 162
1 167 1 61 228
1 168 1 48 57
1 169 1 89 291
1 170 1 79 297
1 171 1 75 3
1 172 1 55 21
1 173 1 64 144
1 174 1 21 297
1 175 1 4 234
1 176 1 82 39
1 177 1 83 48
1 178 1 100 174
1 179 1 69 69
1 180 1 85 39
1 181 1 88 180
1 182 1 55 171
1 183 1 89 165
1 184 1 19 63
1 185 1 31 225
1 186 1 5 138
1 187 1 19 147
1 188 1 36 288
1 189 1 92 144
1 190 1 18 120
1 191 1 92 231
1 192 1 91 18
1 193 1 72 198
1 194 1 3 195
1 195 1 49 216
1 196 1 65 165
1 197 1 68 198
1 198 1 34 261
1 199 1 96 192
1 200 1 21 9
1 201 1 17 180
1 202 1 79 129
1 203 1 2 123
1 204 1 90 177
1 205 1 34 63
1 206 1 42 291
1 207 1 20 123
1 208 1 56 45
1 209 1 85 192
1 210 1 46 195
1 211 1 26 195
1 212 1 99 222
1 213 1 10 240
1 214 1 79 84
1 215 1 77 210
1 216 1 94 222
1 217 1 58 261
1 218 1 90 27
1 219 1 10 210
1 220 1 61 195
1 221 1 2 69
1 222 1 63 60
1 223 1 17 237
1 224 1 51 111
1 225 1 25 132
1 226 1 78 93
1 227 1 40 66
1 228 1 45 48
1 229 1 74 141
1 230 1 35 192
1 231 1 69 270
1 232 1 46 51
1 233 1 91 102
1 234 1 76 99
1 235 1 67 123
1 236 1 93 195
1 237 1 99 159
1 238 1 71 273
1 239 1 57 57
1 240 1 14 33
1 241 1 25 57
1 242 1 93 78
1 243 1 34 237
1 244 1 33 3
1 245 1 7 45
1 246 1 64 216
1 247 1 79 192
1 248 1 81 84
1 249 1 8 225
1 250 1 58 75
1 251 1 73 171
1 252 1 94 264
1 253 1 22 123
1 254 1 68 42
1 255 1 20 231
1 256 1 47 159
1 257 1 9 96
1 258 1 36 33
1 259 1 28 180
1 260 1 17 189
1 261 1 17 204
1 262 1 44 165
1 263 1 28 252
1 264 1 35 237
1 265 1 60 177
1 266 1 4 177
1 267 1 66 3
1 268 1 4 111
1 269 1 54 171
1 270 1 40 177
1 271 1 61 63
1 272 1 24 288
1 273 1 83 3
1 274 1 67 216
1 275 1 84 228
1 276 1 91 144
1 277 1 1 75
1 278 1 69 39
1 279 1 4 78
1 280 1 44 273
1 281 1 88 210
1 282 1 67 117
1 283 1 61 120
1 284 1 99 192
1 285 1 8 222
1 286 1 21 168
1 287 1 41 213
1 288 1 12 234
1 289 1 90 228
1 290 1 63 189
1 291 1 67 75
1 292 1 10 132
1 293 1 83 33
1 294 1 81 222
1 295 1 6 267
1 296 1 44 177
1 297 1 23 180
1 298 1 13 81
1 299 1 80 105
1 300 1 15 195
1 301 50 80 100
$
