100
1 2 3 4 5 6 7 8 9 10 11 12 13 14 15 16 17 18 19 20 21 22 23 24 25 26 27 28 29 30 31 32 33 34 35 36 37 38 39 40 41 42 43 44 45 46 47 48 49 50 51 52 53 54 55 56 57 58 59 60 61 62 63 64 65 66 67 68 69 70 71 72 73 74 75 76 77 78 79 80 81 82 83 84 85 86 87 88 89 90 91 92 93 94 95 96 97 98 99 100 
1 1 1 41 267
1 2 1 56 204
1 3 1 51 171
1 4 1 51 156
1 5 1 17 123
1 6 1 92 288
1 7 1 17 102
1 8 1 6 75
1 9 1 5 132
1 10 1 14 153
1 11 1 24 132
1 12 1 35 117
1 13 1 58 42
1 14 1 20 183
1 15 1 30 201
1 16 1 43 150
1 17 1 27 144
1 18 1 12 39
1 19 1 21 102
1 20 1 2 192
1 21 1 77 195
1 22 1 9 282
1 23 1 82 78
1 24 1 45 45
1 25 1 17 78
1 26 1 86 129
1 27 1 36 45
1 28 1 61 162
1 29 1 74 111
1 30 1 45 240
1 31 1 2 267
1 32 1 1 288
1 33 1 17 87
1 34 1 49 270
1 35 1 69 51
1 36 1 71 282
1 37 1 87 228
1 38 1 81 129
1 39 1 3 210
1 40 1 100 33
1 41 1 82 228
1 42 1 71 93
1 43 1 81 216
1 44 1 15 177
1 45 1 76 165
1 46 1 13 156
1 47 1 29 48
1 48 1 78 63
1 49 1 63 225
1 50 1 51 201
1 51 1 73 30
1 52 1 14 249
1 53 1 31 201
1 54 1 59 135
1 55 1 38 126
1 56 1 2 261
1 57 1 43 168
1 58 1 7 237
1 59 1 26 72
1 60 1 68 144
1 61 1 56 75
1 62 1 7 270
1 63 1 7 48
1 64 1 3 207
1 65 1 64 189
1 66 1 77 96
1 67 1 18 282
1 68 1 10 246
1 69 1 45 267
1 70 1 64 63
1 71 1 49 297
1 72 1 40 63
1 73 1 92 63
1 74 1 41 201
1 75 1 1 174
1 76 1 78 66
1 77 1 58 87
1 78 1 24 78
1 79 1 61 96
1 80 1 96 60
1 81 1 38 84
1 82 1 60 87
1 83 1 16 288
1 84 1 96 126
1 85 1 9 165
1 86 1 95 246
1 87 1 95 216
1 88 1 97 282
1 89 1 37 264
1 90 1 59 90
1 91 1 69 114
1 92 1 25 147
1 93 1 39 135
1 94 1 32 141
1 95 1 49 156
1 96 1 96 267
1 97 1 52 6
1 98 1 39 51
1 99 1 80 255
1 100 1 67 150
1 101 1 92 225
1 102 1 56 174
1 103 1 100 219
1 104 1 42 78
1 105 1 34 204
1 106 1 22 174
1 107 1 58 27
1 108 1 50 15
1 109 1 37 243
1 110 1 2 273
1 111 1 29 228
1 112 1 4 291
1 113 1 87 27
1 114 1 63 135
1 115 1 20 33
1 116 1 40 96
1 117 1 72 57
1 118 1 93 285
1 119 1 88 78
1 120 1 38 111
1 121 1 23 207
1 122 1 65 171
1 123 1 96 171
1 124 1 17 294
1 125 1 42 108
1 126 1 86 252
1 127 1 23 51
1 128 1 11 207
1 129 1 5 114
1 130 1 20 147
1 131 1 14 0
1 132 1 58 246
1 133 1 46 57
1 134 1 24 297
1 135 1 47 192
1 136 1 39 246
1 137 1 24 69
1 138 1 29 168
1 139 1 43 51
1 140 1 81 213
1 141 1 92 18
1 142 1 6 9
1 143 1 21 294
1 144 1 66 174
1 145 1 51 108
1 146 1 73 243
1 147 1 4 84
1 148 1 54 84
1 149 1 95 3
1 150 1 41 60
1 151 1 65 198
1 152 1 50 78
1 153 1 42 285
1 154 1 29 102
1 155 1 23 198
1 156 1 51 234
1 157 1 72 45
1 158 1 91 144
1 159 1 9 261
1 160 1 4 297
1 161 1 89 144
1 162 1 54 51
1 163 1 32 219
1 164 1 52 24
1 165 1 78 261
1 166 1 81 210
1 167 1 30 267
1 168 1 41 294
1 169 1 63 24
1 170 1 58 279
1 171 1 60 78
1 172 1 98 3
1 173 1 87 48
1 174 1 48 213
1 175 1 9 195
1 176 1 90 261
1 177 1 28 132
1 178 1 13 48
1 179 1 4 99
1 180 1 99 75
1 181 1 38 75
1 182 1 84 129
1 183 1 62 108
1 184 1 4 189
1 185 1 20 42
1 186 1 75 261
1 187 1 46 192
1 188 1 47 291
1 189 1 20 165
1 190 1 18 24
1 191 1 4 57
1 192 1 76 75
1 193 1 94 174
1 194 1 27 177
1 195 1 62 237
1 196 1 31 246
1 197 1 37 183
1 198 1 97 255
1 199 1 46 57
1 200 1 18 180
1 201 1 66 186
1 202 1 21 267
1 203 1 69 180
1 204 1 81 63
1 205 1 70 21
1 206 1 56 150
1 207 1 81 63
1 208 1 5 150
1 209 1 29 54
1 210 1 27 138
1 211 1 41 96
1 212 1 45 276
1 213 1 14 195
1 214 1 77 198
1 215 1 64 186
1 216 1 56 84
1 217 1 31 273
1 218 1 8 81
1 219 1 50 9
1 220 1 41 117
1 221 1 55 123
1 222 1 20 30
1 223 1 22 153
1 224 1 45 18
1 225 1 23 234
1 226 1 7 291
1 227 1 81 57
1 228 1 29 105
1 229 1 92 120
1 230 1 19 216
1 231 1 33 114
1 232 1 81 30
1 233 1 33 219
1 234 1 19 39
1 235 1 43 84
1 236 1 27 135
1 237 1 6 69
1 238 1 10 48
1 239 1 10 6
1 240 1 21 111
1 241 1 50 276
1 242 1 75 156
1 243 1 50 240
1 244 1 23 177
1 245 1 45 141
1 246 1 60 228
1 247 1 70 174
1 248 1 46 153
1 249 1 66 219
1 250 1 15 237
1 251 1 66 48
1 252 1 90 228
1 253 1 3 36
1 254 1 100 60
1 255 1 25 27
1 256 1 81 162
1 257 1 96 12
1 258 1 76 210
1 259 1 84 108
1 260 1 29 249
1 261 1 28 123
1 262 1 11 219
1 263 1 53 246
1 264 1 31 9
1 265 1 80 150
1 266 1 63 36
1 267 1 5 171
1 268 1 46 108
1 269 1 42 183
1 270 1 3 171
1 271 1 15 63
1 272 1 33 237
1 273 1 35 156
1 274 1 66 195
1 275 1 51 243
1 276 1 38 192
1 277 1 45 126
1 278 1 25 231
1 279 1 32 45
1 280 1 67 246
1 281 1 34 168
1 282 1 4 255
1 283 1 42 159
1 284 1 65 195
1 285 1 35 63
1 286 1 77 159
1 287 1 60 195
1 288 1 3 186
1 289 1 18 222
1 290 1 72 201
1 291 1 15 78
1 292 1 32 285
1 293 1 48 90
1 294 1 26 258
1 295 1 81 216
1 296 1 47 36
1 297 1 8 132
1 298 1 17 270
1 299 1 95 57
1 300 1 4 117
1 301 50 80 100
$
